8   8   8   8   8   8   8   8   8   8   8   9   10   11   12   13   14   
7   7   7   7   7   7   7   7   7   7   8   9   10   11   12   13   14   
6   6   6   6   6   6   6   6   6   7   8   9   10   11   12   13   14   
5   5   5   5   5   5   5   5   6   7   8   9   10   11   12   13   14   
4   4   4   4   4   4   4   5   6   7   8   9   10   11   12   13   14   
3   3   3   3   3   3   4   5   6   7   8   9   10   11   12   13   14   
2   2   2   2   2   3   4   5   6   7   8   9   10   11   12   13   14   
2   1   1   1   2   3   4   5   6   7   8   9   10   11   12   13   14   
2   1   -1   1   2   3   4   5   6   7   8   9   10   11   12   13   14   
2   1   -1   1   2   3   4   5   6   7   8   9   10   11   12   13   14   
2   1   1   1   2   3   4   5   6   7   8   9   10   11   12   13   14   
2   2   2   2   2   3   4   5   6   7   8   9   10   11   12   13   14   
3   3   3   3   3   3   4   5   6   7   8   9   10   11   -2   13   14   
4   4   4   4   4   4   4   5   6   7   8   9   10   11   12   13   14   
5   5   5   5   5   5   5   5   6   7   8   9   10   11   12   13   14   
